 INPUT DATA:

 Temperature, K           6000.00000    
 Pressure, Pa             100000.000    
 N2 molar fraction       0.769999981    
 O2 molar fraction        0.159999996    
 NO molar fraction         5.00000007E-02
 N molar fraction          9.99999978E-03
 O molar fraction          9.99999978E-03

 Calculation parameters required:

           Omega13_11, J                        0.18911E-14

 Omega Integrals Omega11_ij

    0.493452E-15   0.459772E-15   0.472028E-15   0.538344E-15   0.437535E-15
    0.459772E-15   0.427185E-15   0.439049E-15   0.506566E-15   0.409962E-15
    0.472028E-15   0.439049E-15   0.450998E-15   0.517434E-15   0.419219E-15
    0.538344E-15   0.506566E-15   0.517434E-15   0.552250E-15   0.451826E-15
    0.437535E-15   0.409962E-15   0.419219E-15   0.451826E-15   0.365550E-15

 Backet integrals b01_ij

   -0.302597E-16  -0.317773E-17  -0.227797E-17   0.000000E+00  -0.430349E-17
   -0.238859E-17  -0.415947E-17  -0.411687E-18   0.145371E-15  -0.763243E-16
   -0.792057E-18  -0.190438E-18  -0.287629E-17  -0.763243E-16   0.896464E-16
   -0.250383E-18  -0.594451E-19  -0.428459E-19  -0.239423E-16  -0.461496E-17
   -0.194265E-18  -0.460989E-19  -0.332010E-19  -0.508570E-17  -0.944934E-18

 Backet integrals b11_ij

    0.145371E-15  -0.763243E-16  -0.239423E-16  -0.508570E-17  -0.430349E-17
   -0.763243E-16   0.896464E-16  -0.461496E-17  -0.944934E-18  -0.802473E-18
   -0.239423E-16  -0.461496E-17   0.329725E-16  -0.301282E-18  -0.255184E-18
   -0.508570E-17  -0.944934E-18  -0.301282E-18   0.674771E-17  -0.631241E-19
   -0.430349E-17  -0.802473E-18  -0.255184E-18  -0.631241E-19   0.569784E-17

 Specific internal heats:

                       C_vibr,N2                0.10246E+01
                       C_v_int,N2               0.29783E+03
                       C_v_int,O2               0.26095E+03
                       C_v_int,NO               0.27816E+03
                       C_v_int,                 0.28703E+03
                       C_v,                     0.57886E+03

 TRANSPORT COEFFICIENTS:

 Shear viscosity coefficient, Pa.S              0.13606E-03
 Bulk viscosity coefficient, Pa.s               0.89671E-03
 Thermal cond. coef. lambda, W/m/K              0.20206E+00
 Thermal cond. coef. lambda, tr , W/m/K         0.14915E+00
 Thermal cond. coef. lambda, int , W/m/K        0.52914E-01
 Thermal diffusion coef. of CO2, m^2/s         -0.13788E-04
 Thermal diffusion coef. of O2, m^2/s           0.92635E-04
 Thermal diffusion coef. of CO, m^2/s           0.38312E-04
 Thermal diffusion coef. of O, m^2/s           -0.78524E-03
 Thermal diffusion coef. of C, m^2/s           -0.77716E-03

 DIFFUSION COEFFICIENTS D_ij, m^2/s

    0.110879E-02  -0.355131E-02  -0.333914E-02  -0.208256E-02  -0.271243E-02
   -0.355131E-02   0.162514E-01  -0.381181E-02  -0.259616E-02  -0.322713E-02
   -0.333914E-02  -0.381181E-02   0.615561E-01  -0.236655E-02  -0.300002E-02
   -0.208256E-02  -0.259616E-02  -0.236655E-02   0.442766E+00  -0.158355E-02
   -0.271243E-02  -0.322713E-02  -0.300002E-02  -0.158355E-02   0.498472E+00
